R = 4;
K = 0.0274;
b = 3.5077*10^(-6);
L = 2.75*10^(-6);
J = 3.2284*10^(-5);